  +0.885   +1.940
  +1.109   +2.560
  +2.677   +4.671
  +2.269   +3.006
  +2.825   +4.967
  +2.598   +3.871
  +1.242   -0.688
  +2.052   +2.187
  +2.145   +4.783
  +1.825   +0.823
  +2.834   +7.231
  +2.452   +5.340
  +1.719   +1.667
  +1.135   -0.641
  +2.296   +1.852
  +2.404   +3.874
  +2.600   +6.952
  +1.562   -0.933
  +1.125   +2.854
  +1.389   +4.131
  +1.504   +1.994
  +1.637   +4.314
  +3.255   +4.490
  +3.093   +5.819
  +1.414   +2.585
  +1.864   +2.516
  +2.068   +1.819
  +2.299   +1.885
  +1.331   -1.058
  +3.294   +7.651
  +2.706   +5.216
  +1.008   -1.169
  +2.310   +4.258
  +2.066   +5.642
  +1.929   +4.531
  +2.017   +3.068
  +1.043   -0.466
  +2.536   +4.918
  +0.828   +1.517
  +1.964   +4.985
  +2.000   +2.997
  +2.305   +2.288
  +1.648   +4.791
  +2.380   +3.673
  +1.481   +1.952
  +1.186   -1.070
  +2.308   +3.667
  +2.326   +2.107
  +2.380   +3.755
  +0.443   -0.833
  +2.121   +0.803
  +1.295   +1.065
  +1.952   +2.659
  +2.310   +4.507
  +1.447   +0.566
  +2.327   +0.933
  +1.930   +2.529
  +1.110   +1.008
  +1.147   -0.416
  +1.518   +3.313
  +1.164   -0.870
  +1.462   +0.445
  +1.907   +5.766
  +1.252   +2.477
  +1.515   +0.320
  +1.879   +4.080
  +1.046   +0.560
  +2.592   +3.995
  +1.109   +1.456
  +1.655   +1.598
  +1.704   +2.463
  +1.868   +3.216
  +1.206   +0.041
  +2.184   +5.426
  +2.396   +2.646
  +2.108   +3.065
  +2.055   +0.783
  +3.333   +6.982
  +0.879   +2.305
  +0.750   +1.152
  +3.282   +7.251
  +2.379   +1.109
  +1.413   +0.411
  +1.374   +1.729
  +2.814   +3.346
  +2.024   +2.202
  +1.222   -0.813
  +1.541   +4.422
  +0.965   +2.555
  +2.270   +5.372
  +3.120   +3.570
  +1.117   +0.373
  +2.232   +2.213
  +3.062   +5.269
  +2.105   +0.164
  +3.435   +5.604
  +1.165   -0.784
  +1.978   +3.201
  +2.737   +5.962
  +1.214   +1.187
